[{4: [[0, 0.043320904891502171, 0.084256631967030107, 0.11936935088713299, 0.15965489587206635, 0.20506392282889244, 0.24383722112799219, 0.28428329686398068, 0.31416127940539157, 0.34354848455246872, 0.37391158559435572, 0.40558412409951927, 0.43050070767066861, 0.48466528618249288, 0.5162283639223274, 0.54403587222073879, 0.58407384605771506, 0.62327890159320809, 0.65324216739124641, 0.73490647866718539, 0.77886307883587858, 0.82151032273753, 0.85780281154000437, 0.90198398283652115, 0.95871438268374121, 0.9974279263970105, 1.0496944464666154, 1.072673345167948, 1.1217516298803372, 1.1602099208483971, 1.1972024749427925, 1.221699461444899, 1.2421362075444637, 1.3152034465789182, 1.3617215426691549, 1.4008459914536711, 1.4375362774800819, 1.4724193513392725], [0.043320904891502171, 0, 0.040935727075527936, 0.07604844599563082, 0.11633399098056418, 0.16174301793739027, 0.20051631623649002, 0.24096239197247848, 0.27084037451388937, 0.30022757966096653, 0.33059068070285352, 0.36226321920801707, 0.38717980277916642, 0.44134438129099068, 0.47290745903082521, 0.50071496732923659, 0.54075294116621286, 0.57995799670170589, 0.60992126249974421, 0.69158557377568319, 0.73554217394437638, 0.7781894178460278, 0.81448190664850217, 0.85866307794501895, 0.91539347779223901, 0.9541070215055083, 1.0063735415751132, 1.0293524402764458, 1.078430724988835, 1.1168890159568949, 1.1538815700512903, 1.1783785565533968, 1.1988153026529615, 1.271882541687416, 1.3184006377776527, 1.3575250865621689, 1.3942153725885797, 1.4290984464477703], [0.084256631967030107, 0.040935727075527936, 0, 0.035112718920102877, 0.075398263905036234, 0.12080729086186232, 0.15958058916096207, 0.20002666489695053, 0.22990464743836145, 0.25929185258543863, 0.28965495362732563, 0.32132749213248918, 0.34624407570363847, 0.40040865421546273, 0.43197173195529726, 0.4597792402537087, 0.49981721409068497, 0.53902226962617805, 0.56898553542421637, 0.65064984670015535, 0.69460644686884854, 0.73725369077049996, 0.77354617957297434, 0.81772735086949111, 0.87445775071671128, 0.91317129442998057, 0.96543781449958532, 0.98841671320091784, 1.037494997913307, 1.075953288881367, 1.1129458429757624, 1.1374428294778689, 1.1578795755774336, 1.230946814611888, 1.2774649107021248, 1.3165893594866409, 1.3532796455130518, 1.3881627193722423], [0.11936935088713299, 0.07604844599563082, 0.035112718920102877, 0, 0.040285544984933357, 0.085694571941759445, 0.1244678702408592, 0.16491394597684766, 0.19479192851825858, 0.22417913366533576, 0.25454223470722276, 0.28621477321238631, 0.31113135678353565, 0.36529593529535992, 0.39685901303519444, 0.42466652133360588, 0.46470449517058215, 0.50390955070607524, 0.53387281650411356, 0.61553712778005254, 0.65949372794874572, 0.70214097185039714, 0.73843346065287152, 0.7826146319493883, 0.83934503179660847, 0.87805857550987776, 0.93032509557948251, 0.95330399428081503, 1.0023822789932042, 1.0408405699612642, 1.0778331240556596, 1.1023301105577661, 1.1227668566573308, 1.1958340956917852, 1.2423521917820219, 1.2814766405665381, 1.318166926592949, 1.3530500004521395], [0.15965489587206635, 0.11633399098056418, 0.075398263905036234, 0.040285544984933357, 0, 0.045409026956826082, 0.084182325255925838, 0.1246284009919143, 0.15450638353332521, 0.1838935886804024, 0.21425668972228942, 0.24592922822745297, 0.27084581179860229, 0.32501039031042656, 0.35657346805026108, 0.38438097634867252, 0.42441895018564879, 0.46362400572114187, 0.49358727151918019, 0.57525158279511912, 0.6192081829638123, 0.66185542686546373, 0.6981479156679381, 0.74232908696445488, 0.79905948681167493, 0.83777303052494423, 0.89003955059454898, 0.9130184492958815, 0.96209673400827078, 1.0005550249763306, 1.037547579070726, 1.0620445655728326, 1.0824813116723973, 1.1555485507068517, 1.2020666467970884, 1.2411910955816046, 1.2778813816080155, 1.312764455467206], [0.20506392282889244, 0.16174301793739027, 0.12080729086186232, 0.085694571941759445, 0.045409026956826082, 0, 0.038773298299099763, 0.079219374035088219, 0.10909735657649913, 0.13848456172357632, 0.16884766276546334, 0.20052020127062689, 0.22543678484177621, 0.27960136335360047, 0.311164441093435, 0.33897194939184644, 0.37900992322882271, 0.41821497876431579, 0.44817824456235411, 0.52984255583829309, 0.57379915600698628, 0.6164463999086377, 0.65273888871111208, 0.69692006000762885, 0.75365045985484902, 0.79236400356811831, 0.84463052363772306, 0.86760942233905558, 0.91668770705144487, 0.95514599801950484, 0.99213855211390034, 1.0166355386160069, 1.0370722847155716, 1.1101395237500258, 1.1566576198402625, 1.1957820686247786, 1.2324723546511895, 1.2673554285103801], [0.24383722112799219, 0.20051631623649002, 0.15958058916096207, 0.1244678702408592, 0.084182325255925838, 0.038773298299099763, 0, 0.040446075735988463, 0.070324058277399376, 0.099711263424476546, 0.13007436446636356, 0.16174690297152711, 0.18666348654267642, 0.24082806505450066, 0.27239114279433518, 0.30019865109274663, 0.3402366249297229, 0.37944168046521598, 0.4094049462632543, 0.49106925753919328, 0.53502585770788647, 0.57767310160953789, 0.61396559041201226, 0.65814676170852904, 0.71487716155574921, 0.7535907052690185, 0.80585722533862325, 0.82883612403995577, 0.87791440875234505, 0.91637269972040503, 0.95336525381480053, 0.97786224031690705, 0.99829898641647186, 1.0713662254509262, 1.1178843215411629, 1.1570087703256791, 1.1936990563520899, 1.2285821302112805], [0.28428329686398068, 0.24096239197247848, 0.20002666489695053, 0.16491394597684766, 0.1246284009919143, 0.079219374035088219, 0.040446075735988463, 0, 0.029877982541410907, 0.059265187688488076, 0.089628288730375094, 0.12130082723553864, 0.14621741080668796, 0.2003819893185122, 0.23194506705834672, 0.25975257535675816, 0.29979054919373443, 0.33899560472922752, 0.36895887052726584, 0.45062318180320482, 0.49457978197189795, 0.53722702587354931, 0.57351951467602369, 0.61770068597254046, 0.67443108581976063, 0.71314462953302993, 0.76541114960263468, 0.78839004830396719, 0.83746833301635648, 0.87592662398441645, 0.91291917807881195, 0.93741616458091848, 0.95785291068048328, 1.0309201497149376, 1.0774382458051743, 1.1165626945896905, 1.1532529806161014, 1.1881360544752919], [0.31416127940539157, 0.27084037451388937, 0.22990464743836145, 0.19479192851825858, 0.15450638353332521, 0.10909735657649913, 0.070324058277399376, 0.029877982541410907, 0, 0.029387205147077169, 0.059750306188964188, 0.091422844694127731, 0.11633942826527705, 0.17050400677710131, 0.20206708451693584, 0.22987459281534728, 0.26991256665232355, 0.30911762218781663, 0.33908088798585495, 0.42074519926179393, 0.46470179943048706, 0.50734904333213848, 0.54364153213461286, 0.58782270343112963, 0.6445531032783498, 0.6832666469916191, 0.73553316706122385, 0.75851206576255636, 0.80759035047494565, 0.84604864144300562, 0.88304119553740112, 0.90753818203950765, 0.92797492813907245, 1.0010421671735268, 1.0475602632637635, 1.0866847120482797, 1.1233749980746905, 1.1582580719338811], [0.34354848455246872, 0.30022757966096653, 0.25929185258543863, 0.22417913366533576, 0.1838935886804024, 0.13848456172357632, 0.099711263424476546, 0.059265187688488076, 0.029387205147077169, 0, 0.030363101041887018, 0.062035639547050568, 0.086952223118199889, 0.14111680163002416, 0.17267987936985868, 0.20048738766827012, 0.24052536150524639, 0.27973041704073948, 0.3096936828387778, 0.39135799411471678, 0.43531459428340991, 0.47796183818506127, 0.5142543269875357, 0.55843549828405248, 0.61516589813127265, 0.65387944184454194, 0.70614596191414669, 0.72912486061547921, 0.7782031453278685, 0.81666143629592847, 0.85365399039032397, 0.87815097689243049, 0.8985877229919953, 0.97165496202644963, 1.0181730581166863, 1.0572975069012025, 1.0939877929276134, 1.1288708667868039], [0.37391158559435572, 0.33059068070285352, 0.28965495362732563, 0.25454223470722276, 0.21425668972228942, 0.16884766276546334, 0.13007436446636356, 0.089628288730375094, 0.059750306188964188, 0.030363101041887018, 0, 0.03167253850516355, 0.056589122076312864, 0.11075370058813712, 0.14231677832797165, 0.1701242866263831, 0.21016226046335937, 0.24936731599885242, 0.27933058179689074, 0.36099489307282973, 0.40495149324152285, 0.44759873714317422, 0.48389122594564865, 0.52807239724216548, 0.58480279708938565, 0.62351634080265494, 0.67578286087225969, 0.69876175957359221, 0.7478400442859815, 0.78629833525404147, 0.82329088934843697, 0.84778787585054349, 0.8682246219501083, 0.94129186098456263, 0.98780995707479924, 1.0269344058593155, 1.0636246918857264, 1.0985077657449169], [0.40558412409951927, 0.36226321920801707, 0.32132749213248918, 0.28621477321238631, 0.24592922822745297, 0.20052020127062689, 0.16174690297152711, 0.12130082723553864, 0.091422844694127731, 0.062035639547050568, 0.03167253850516355, 0, 0.024916583571149314, 0.079081162082973569, 0.1106442398228081, 0.13845174812121955, 0.17848972195819582, 0.21769477749368887, 0.24765804329172719, 0.32932235456766618, 0.3732789547363593, 0.41592619863801067, 0.4522186874404851, 0.49639985873700193, 0.55313025858422205, 0.59184380229749134, 0.64411032236709609, 0.66708922106842872, 0.716167505780818, 0.75462579674887797, 0.79161835084327348, 0.81611533734538, 0.83655208344494481, 0.90961932247939914, 0.95613741856963574, 0.99526186735415201, 1.0319521533805629, 1.0668352272397534], [0.43050070767066861, 0.38717980277916642, 0.34624407570363847, 0.31113135678353565, 0.27084581179860229, 0.22543678484177621, 0.18666348654267642, 0.14621741080668796, 0.11633942826527705, 0.086952223118199889, 0.056589122076312864, 0.024916583571149314, 0, 0.054164578511824255, 0.08572765625165879, 0.11353516455007023, 0.1535731383870465, 0.19277819392253956, 0.22274145972057788, 0.30440577099651683, 0.34836237116520996, 0.39100961506686133, 0.42730210386933576, 0.47148327516585259, 0.5282136750130727, 0.566927218726342, 0.61919373879594675, 0.64217263749727937, 0.69125092220966866, 0.72970921317772863, 0.76670176727212414, 0.79119875377423066, 0.81163549987379546, 0.8847027389082498, 0.9312208349984864, 0.97034528378300267, 1.0070355698094136, 1.0419186436686041], [0.48466528618249288, 0.44134438129099068, 0.40040865421546273, 0.36529593529535992, 0.32501039031042656, 0.27960136335360047, 0.24082806505450066, 0.2003819893185122, 0.17050400677710131, 0.14111680163002416, 0.11075370058813712, 0.079081162082973569, 0.054164578511824255, 0, 0.031563077739834529, 0.059370586038245965, 0.099408559875222235, 0.13861361541071529, 0.16857688120875361, 0.25024119248469257, 0.29419779265338569, 0.33684503655503706, 0.37313752535751149, 0.41731869665402832, 0.47404909650124843, 0.51276264021451778, 0.56502916028412253, 0.58800805898545505, 0.63708634369784434, 0.67554463466590431, 0.71253718876029981, 0.73703417526240633, 0.75747092136197114, 0.83053816039642547, 0.87705625648666208, 0.91618070527117834, 0.95287099129758923, 0.98775406515677977], [0.5162283639223274, 0.47290745903082521, 0.43197173195529726, 0.39685901303519444, 0.35657346805026108, 0.311164441093435, 0.27239114279433518, 0.23194506705834672, 0.20206708451693584, 0.17267987936985868, 0.14231677832797165, 0.1106442398228081, 0.08572765625165879, 0.031563077739834529, 0, 0.027807508298411436, 0.0678454821353877, 0.10705053767088077, 0.13701380346891909, 0.21867811474485804, 0.26263471491355117, 0.30528195881520254, 0.34157444761767697, 0.3857556189141938, 0.44248601876141391, 0.48119956247468321, 0.53346608254428796, 0.55644498124562047, 0.60552326595800976, 0.64398155692606973, 0.68097411102046523, 0.70547109752257176, 0.72590784362213656, 0.7989750826565909, 0.8454931787468275, 0.88461762753134376, 0.92130791355775465, 0.95619098741694519], [0.54403587222073879, 0.50071496732923659, 0.4597792402537087, 0.42466652133360588, 0.38438097634867252, 0.33897194939184644, 0.30019865109274663, 0.25975257535675816, 0.22987459281534728, 0.20048738766827012, 0.1701242866263831, 0.13845174812121955, 0.11353516455007023, 0.059370586038245965, 0.027807508298411436, 0, 0.040037973836976264, 0.079243029372469326, 0.10920629517050764, 0.1908706064464466, 0.23482720661513973, 0.27747445051679109, 0.31376693931926553, 0.35794811061578236, 0.41467851046300247, 0.45339205417627176, 0.50565857424587657, 0.5286374729472092, 0.57771575765959848, 0.61617404862765845, 0.65316660272205396, 0.67766358922416048, 0.69810033532372529, 0.77116757435817962, 0.81768567044841622, 0.85681011923293249, 0.89350040525934338, 0.92838347911853392], [0.58407384605771506, 0.54075294116621286, 0.49981721409068497, 0.46470449517058215, 0.42441895018564879, 0.37900992322882271, 0.3402366249297229, 0.29979054919373443, 0.26991256665232355, 0.24052536150524639, 0.21016226046335937, 0.17848972195819582, 0.1535731383870465, 0.099408559875222235, 0.0678454821353877, 0.040037973836976264, 0, 0.039205055535493062, 0.069168321333531374, 0.15083263260947033, 0.19478923277816346, 0.23743647667981482, 0.27372896548228925, 0.31791013677880609, 0.3746405366260262, 0.41335408033929549, 0.4656206004089003, 0.48859949911023287, 0.5376777838226221, 0.57613607479068207, 0.61312862888507758, 0.6376256153871841, 0.6580623614867489, 0.73112960052120324, 0.77764769661143984, 0.81677214539595611, 0.853462431422367, 0.88834550528155742], [0.62327890159320809, 0.57995799670170589, 0.53902226962617805, 0.50390955070607524, 0.46362400572114187, 0.41821497876431579, 0.37944168046521598, 0.33899560472922752, 0.30911762218781663, 0.27973041704073948, 0.24936731599885242, 0.21769477749368887, 0.19277819392253956, 0.13861361541071529, 0.10705053767088077, 0.079243029372469326, 0.039205055535493062, 0, 0.029963265798038312, 0.11162757707397727, 0.1555841772426704, 0.19823142114432177, 0.23452390994679617, 0.278705081243313, 0.33543548109053312, 0.37414902480380241, 0.42641554487340722, 0.44939444357473979, 0.49847272828712902, 0.53693101925518893, 0.57392357334958444, 0.59842055985169096, 0.61885730595125577, 0.6919245449857101, 0.7384426410759467, 0.77756708986046297, 0.81425737588687386, 0.8491404497460644], [0.65324216739124641, 0.60992126249974421, 0.56898553542421637, 0.53387281650411356, 0.49358727151918019, 0.44817824456235411, 0.4094049462632543, 0.36895887052726584, 0.33908088798585495, 0.3096936828387778, 0.27933058179689074, 0.24765804329172719, 0.22274145972057788, 0.16857688120875361, 0.13701380346891909, 0.10920629517050764, 0.069168321333531374, 0.029963265798038312, 0, 0.081664311275938969, 0.12562091144463211, 0.16826815534628348, 0.20456064414875788, 0.24874181544527468, 0.3054722152924948, 0.34418575900576409, 0.3964522790753689, 0.41943117777670147, 0.4685094624890907, 0.50696775345715062, 0.54396030755154612, 0.56845729405365264, 0.58889404015321745, 0.66196127918767178, 0.70847937527790839, 0.74760382406242465, 0.78429411008883554, 0.81917718394802597], [0.73490647866718539, 0.69158557377568319, 0.65064984670015535, 0.61553712778005254, 0.57525158279511912, 0.52984255583829309, 0.49106925753919328, 0.45062318180320482, 0.42074519926179393, 0.39135799411471678, 0.36099489307282973, 0.32932235456766618, 0.30440577099651683, 0.25024119248469257, 0.21867811474485804, 0.1908706064464466, 0.15083263260947033, 0.11162757707397727, 0.081664311275938969, 0, 0.043956600168693134, 0.086603844070344507, 0.12289633287281893, 0.16707750416933573, 0.22380790401655584, 0.26252144772982516, 0.31478796779942997, 0.33776686650076254, 0.38684515121315177, 0.42530344218121174, 0.46229599627560719, 0.48679298277771371, 0.50722972887727846, 0.5802969679117328, 0.6268150640019694, 0.66593951278648567, 0.70262979881289656, 0.73751287267208698], [0.77886307883587858, 0.73554217394437638, 0.69460644686884854, 0.65949372794874572, 0.6192081829638123, 0.57379915600698628, 0.53502585770788647, 0.49457978197189795, 0.46470179943048706, 0.43531459428340991, 0.40495149324152285, 0.3732789547363593, 0.34836237116520996, 0.29419779265338569, 0.26263471491355117, 0.23482720661513973, 0.19478923277816346, 0.1555841772426704, 0.12562091144463211, 0.043956600168693134, 0, 0.042647243901651373, 0.078939732704125784, 0.1231209040006426, 0.17985130384786271, 0.21856484756113201, 0.27083136763073679, 0.29381026633206936, 0.34288855104445859, 0.38134684201251856, 0.41833939610691401, 0.44283638260902053, 0.46327312870858534, 0.53634036774303961, 0.58285846383327622, 0.62198291261779248, 0.65867319864420337, 0.69355627250339391], [0.82151032273753, 0.7781894178460278, 0.73725369077049996, 0.70214097185039714, 0.66185542686546373, 0.6164463999086377, 0.57767310160953789, 0.53722702587354931, 0.50734904333213848, 0.47796183818506127, 0.44759873714317422, 0.41592619863801067, 0.39100961506686133, 0.33684503655503706, 0.30528195881520254, 0.27747445051679109, 0.23743647667981482, 0.19823142114432177, 0.16826815534628348, 0.086603844070344507, 0.042647243901651373, 0, 0.036292488802474411, 0.08047366009899122, 0.13720405994621132, 0.17591760365948061, 0.22818412372908539, 0.25116302243041799, 0.30024130714280722, 0.33869959811086719, 0.37569215220526264, 0.40018913870736916, 0.42062588480693397, 0.4936931238413883, 0.54021121993162491, 0.57933566871614117, 0.61602595474255206, 0.65090902860174249], [0.85780281154000437, 0.81448190664850217, 0.77354617957297434, 0.73843346065287152, 0.6981479156679381, 0.65273888871111208, 0.61396559041201226, 0.57351951467602369, 0.54364153213461286, 0.5142543269875357, 0.48389122594564865, 0.4522186874404851, 0.42730210386933576, 0.37313752535751149, 0.34157444761767697, 0.31376693931926553, 0.27372896548228925, 0.23452390994679617, 0.20456064414875788, 0.12289633287281893, 0.078939732704125784, 0.036292488802474411, 0, 0.044181171296516809, 0.10091157114373692, 0.13962511485700621, 0.19189163492661099, 0.21487053362794356, 0.26394881834033279, 0.30240710930839276, 0.33939966340278821, 0.36389664990489473, 0.38433339600445954, 0.45740063503891387, 0.50391873112915053, 0.5430431799136668, 0.57973346594007769, 0.61461653979926822], [0.90198398283652115, 0.85866307794501895, 0.81772735086949111, 0.7826146319493883, 0.74232908696445488, 0.69692006000762885, 0.65814676170852904, 0.61770068597254046, 0.58782270343112963, 0.55843549828405248, 0.52807239724216548, 0.49639985873700193, 0.47148327516585259, 0.41731869665402832, 0.3857556189141938, 0.35794811061578236, 0.31791013677880609, 0.278705081243313, 0.24874181544527468, 0.16707750416933573, 0.1231209040006426, 0.08047366009899122, 0.044181171296516809, 0, 0.056730399847220114, 0.095443943560489408, 0.14771046363009419, 0.17068936233142676, 0.21976764704381602, 0.25822593801187599, 0.29521849210627144, 0.31971547860837796, 0.34015222470794276, 0.4132194637423971, 0.4597375598326337, 0.49886200861714991, 0.5355522946435608, 0.57043536850275123], [0.95871438268374121, 0.91539347779223901, 0.87445775071671128, 0.83934503179660847, 0.79905948681167493, 0.75365045985484902, 0.71487716155574921, 0.67443108581976063, 0.6445531032783498, 0.61516589813127265, 0.58480279708938565, 0.55313025858422205, 0.5282136750130727, 0.47404909650124843, 0.44248601876141391, 0.41467851046300247, 0.3746405366260262, 0.33543548109053312, 0.3054722152924948, 0.22380790401655584, 0.17985130384786271, 0.13720405994621132, 0.10091157114373692, 0.056730399847220114, 0, 0.038713543713269301, 0.090980063782874085, 0.11395896248420666, 0.1630372471965959, 0.20149553816465587, 0.23848809225905132, 0.26298507876115784, 0.28342182486072265, 0.35648906389517698, 0.40300715998541359, 0.4421316087699298, 0.47882189479634069, 0.51370496865553117], [0.9974279263970105, 0.9541070215055083, 0.91317129442998057, 0.87805857550987776, 0.83777303052494423, 0.79236400356811831, 0.7535907052690185, 0.71314462953302993, 0.6832666469916191, 0.65387944184454194, 0.62351634080265494, 0.59184380229749134, 0.566927218726342, 0.51276264021451778, 0.48119956247468321, 0.45339205417627176, 0.41335408033929549, 0.37414902480380241, 0.34418575900576409, 0.26252144772982516, 0.21856484756113201, 0.17591760365948061, 0.13962511485700621, 0.095443943560489408, 0.038713543713269301, 0, 0.052266520069604784, 0.07524541877093735, 0.12432370348332661, 0.16278199445138658, 0.19977454854578203, 0.22427153504788852, 0.2447082811474533, 0.31777552018190763, 0.36429361627214424, 0.40341806505666045, 0.44010835108307134, 0.47499142494226182], [1.0496944464666154, 1.0063735415751132, 0.96543781449958532, 0.93032509557948251, 0.89003955059454898, 0.84463052363772306, 0.80585722533862325, 0.76541114960263468, 0.73553316706122385, 0.70614596191414669, 0.67578286087225969, 0.64411032236709609, 0.61919373879594675, 0.56502916028412253, 0.53346608254428796, 0.50565857424587657, 0.4656206004089003, 0.42641554487340722, 0.3964522790753689, 0.31478796779942997, 0.27083136763073679, 0.22818412372908539, 0.19189163492661099, 0.14771046363009419, 0.090980063782874085, 0.052266520069604784, 0, 0.022978898701332573, 0.072057183413721831, 0.1105154743817818, 0.14750802847617728, 0.17200501497828377, 0.19244176107784855, 0.26550900011230288, 0.31202709620253949, 0.3511515449870557, 0.38784183101346659, 0.42272490487265707], [1.072673345167948, 1.0293524402764458, 0.98841671320091784, 0.95330399428081503, 0.9130184492958815, 0.86760942233905558, 0.82883612403995577, 0.78839004830396719, 0.75851206576255636, 0.72912486061547921, 0.69876175957359221, 0.66708922106842872, 0.64217263749727937, 0.58800805898545505, 0.55644498124562047, 0.5286374729472092, 0.48859949911023287, 0.44939444357473979, 0.41943117777670147, 0.33776686650076254, 0.29381026633206936, 0.25116302243041799, 0.21487053362794356, 0.17068936233142676, 0.11395896248420666, 0.07524541877093735, 0.022978898701332573, 0, 0.049078284712389252, 0.087536575680449216, 0.12452912977484468, 0.14902611627695117, 0.16946286237651598, 0.24253010141097031, 0.28904819750120692, 0.32817264628572312, 0.36486293231213401, 0.3997460061713245], [1.1217516298803372, 1.078430724988835, 1.037494997913307, 1.0023822789932042, 0.96209673400827078, 0.91668770705144487, 0.87791440875234505, 0.83746833301635648, 0.80759035047494565, 0.7782031453278685, 0.7478400442859815, 0.716167505780818, 0.69125092220966866, 0.63708634369784434, 0.60552326595800976, 0.57771575765959848, 0.5376777838226221, 0.49847272828712902, 0.4685094624890907, 0.38684515121315177, 0.34288855104445859, 0.30024130714280722, 0.26394881834033279, 0.21976764704381602, 0.1630372471965959, 0.12432370348332661, 0.072057183413721831, 0.049078284712389252, 0, 0.038458290968059965, 0.075450845062455418, 0.099947831564561912, 0.1203845776641267, 0.19345181669858103, 0.23996991278881763, 0.27909436157333384, 0.31578464759974473, 0.35066772145893521], [1.1602099208483971, 1.1168890159568949, 1.075953288881367, 1.0408405699612642, 1.0005550249763306, 0.95514599801950484, 0.91637269972040503, 0.87592662398441645, 0.84604864144300562, 0.81666143629592847, 0.78629833525404147, 0.75462579674887797, 0.72970921317772863, 0.67554463466590431, 0.64398155692606973, 0.61617404862765845, 0.57613607479068207, 0.53693101925518893, 0.50696775345715062, 0.42530344218121174, 0.38134684201251856, 0.33869959811086719, 0.30240710930839276, 0.25822593801187599, 0.20149553816465587, 0.16278199445138658, 0.1105154743817818, 0.087536575680449216, 0.038458290968059965, 0, 0.036992554094395461, 0.061489540596501961, 0.081926286696066747, 0.15499352573052108, 0.20151162182075769, 0.24063607060527389, 0.27732635663168481, 0.31220943049087529], [1.1972024749427925, 1.1538815700512903, 1.1129458429757624, 1.0778331240556596, 1.037547579070726, 0.99213855211390034, 0.95336525381480053, 0.91291917807881195, 0.88304119553740112, 0.85365399039032397, 0.82329088934843697, 0.79161835084327348, 0.76670176727212414, 0.71253718876029981, 0.68097411102046523, 0.65316660272205396, 0.61312862888507758, 0.57392357334958444, 0.54396030755154612, 0.46229599627560719, 0.41833939610691401, 0.37569215220526264, 0.33939966340278821, 0.29521849210627144, 0.23848809225905132, 0.19977454854578203, 0.14750802847617728, 0.12452912977484468, 0.075450845062455418, 0.036992554094395461, 0, 0.024496986502106501, 0.044933732601671293, 0.11800097163612563, 0.16451906772636224, 0.20364351651087845, 0.24033380253728934, 0.27521687639647985], [1.221699461444899, 1.1783785565533968, 1.1374428294778689, 1.1023301105577661, 1.0620445655728326, 1.0166355386160069, 0.97786224031690705, 0.93741616458091848, 0.90753818203950765, 0.87815097689243049, 0.84778787585054349, 0.81611533734538, 0.79119875377423066, 0.73703417526240633, 0.70547109752257176, 0.67766358922416048, 0.6376256153871841, 0.59842055985169096, 0.56845729405365264, 0.48679298277771371, 0.44283638260902053, 0.40018913870736916, 0.36389664990489473, 0.31971547860837796, 0.26298507876115784, 0.22427153504788852, 0.17200501497828377, 0.14902611627695117, 0.099947831564561912, 0.061489540596501961, 0.024496986502106501, 0, 0.020436746099564793, 0.093503985134019127, 0.14002208122425575, 0.17914653000877195, 0.21583681603518284, 0.25071988989437333], [1.2421362075444637, 1.1988153026529615, 1.1578795755774336, 1.1227668566573308, 1.0824813116723973, 1.0370722847155716, 0.99829898641647186, 0.95785291068048328, 0.92797492813907245, 0.8985877229919953, 0.8682246219501083, 0.83655208344494481, 0.81163549987379546, 0.75747092136197114, 0.72590784362213656, 0.69810033532372529, 0.6580623614867489, 0.61885730595125577, 0.58889404015321745, 0.50722972887727846, 0.46327312870858534, 0.42062588480693397, 0.38433339600445954, 0.34015222470794276, 0.28342182486072265, 0.2447082811474533, 0.19244176107784855, 0.16946286237651598, 0.1203845776641267, 0.081926286696066747, 0.044933732601671293, 0.020436746099564793, 0, 0.073067239034454334, 0.11958533512469094, 0.15870978390920715, 0.19540006993561804, 0.23028314379480852], [1.3152034465789182, 1.271882541687416, 1.230946814611888, 1.1958340956917852, 1.1555485507068517, 1.1101395237500258, 1.0713662254509262, 1.0309201497149376, 1.0010421671735268, 0.97165496202644963, 0.94129186098456263, 0.90961932247939914, 0.8847027389082498, 0.83053816039642547, 0.7989750826565909, 0.77116757435817962, 0.73112960052120324, 0.6919245449857101, 0.66196127918767178, 0.5802969679117328, 0.53634036774303961, 0.4936931238413883, 0.45740063503891387, 0.4132194637423971, 0.35648906389517698, 0.31777552018190763, 0.26550900011230288, 0.24253010141097031, 0.19345181669858103, 0.15499352573052108, 0.11800097163612563, 0.093503985134019127, 0.073067239034454334, 0, 0.046518096090236612, 0.085642544874752827, 0.12233283090116372, 0.15721590476035419], [1.3617215426691549, 1.3184006377776527, 1.2774649107021248, 1.2423521917820219, 1.2020666467970884, 1.1566576198402625, 1.1178843215411629, 1.0774382458051743, 1.0475602632637635, 1.0181730581166863, 0.98780995707479924, 0.95613741856963574, 0.9312208349984864, 0.87705625648666208, 0.8454931787468275, 0.81768567044841622, 0.77764769661143984, 0.7384426410759467, 0.70847937527790839, 0.6268150640019694, 0.58285846383327622, 0.54021121993162491, 0.50391873112915053, 0.4597375598326337, 0.40300715998541359, 0.36429361627214424, 0.31202709620253949, 0.28904819750120692, 0.23996991278881763, 0.20151162182075769, 0.16451906772636224, 0.14002208122425575, 0.11958533512469094, 0.046518096090236612, 0, 0.039124448784516215, 0.075814734810927098, 0.11069780867011758], [1.4008459914536711, 1.3575250865621689, 1.3165893594866409, 1.2814766405665381, 1.2411910955816046, 1.1957820686247786, 1.1570087703256791, 1.1165626945896905, 1.0866847120482797, 1.0572975069012025, 1.0269344058593155, 0.99526186735415201, 0.97034528378300267, 0.91618070527117834, 0.88461762753134376, 0.85681011923293249, 0.81677214539595611, 0.77756708986046297, 0.74760382406242465, 0.66593951278648567, 0.62198291261779248, 0.57933566871614117, 0.5430431799136668, 0.49886200861714991, 0.4421316087699298, 0.40341806505666045, 0.3511515449870557, 0.32817264628572312, 0.27909436157333384, 0.24063607060527389, 0.20364351651087845, 0.17914653000877195, 0.15870978390920715, 0.085642544874752827, 0.039124448784516215, 0, 0.03669028602641089, 0.071573359885601373], [1.4375362774800819, 1.3942153725885797, 1.3532796455130518, 1.318166926592949, 1.2778813816080155, 1.2324723546511895, 1.1936990563520899, 1.1532529806161014, 1.1233749980746905, 1.0939877929276134, 1.0636246918857264, 1.0319521533805629, 1.0070355698094136, 0.95287099129758923, 0.92130791355775465, 0.89350040525934338, 0.853462431422367, 0.81425737588687386, 0.78429411008883554, 0.70262979881289656, 0.65867319864420337, 0.61602595474255206, 0.57973346594007769, 0.5355522946435608, 0.47882189479634069, 0.44010835108307134, 0.38784183101346659, 0.36486293231213401, 0.31578464759974473, 0.27732635663168481, 0.24033380253728934, 0.21583681603518284, 0.19540006993561804, 0.12233283090116372, 0.075814734810927098, 0.03669028602641089, 0, 0.034883073859190483], [1.4724193513392725, 1.4290984464477703, 1.3881627193722423, 1.3530500004521395, 1.312764455467206, 1.2673554285103801, 1.2285821302112805, 1.1881360544752919, 1.1582580719338811, 1.1288708667868039, 1.0985077657449169, 1.0668352272397534, 1.0419186436686041, 0.98775406515677977, 0.95619098741694519, 0.92838347911853392, 0.88834550528155742, 0.8491404497460644, 0.81917718394802597, 0.73751287267208698, 0.69355627250339391, 0.65090902860174249, 0.61461653979926822, 0.57043536850275123, 0.51370496865553117, 0.47499142494226182, 0.42272490487265707, 0.3997460061713245, 0.35066772145893521, 0.31220943049087529, 0.27521687639647985, 0.25071988989437333, 0.23028314379480852, 0.15721590476035419, 0.11069780867011758, 0.071573359885601373, 0.034883073859190483, 0]], 9: [[0, 0.032880124800048142, 0.070811417826974754, 0.10800830233738121, 0.12026384210483265, 0.16660359933228541, 0.20585844115594931, 0.24757498240598647, 0.28842910895449675, 0.33727798352614741, 0.37056039608848368, 0.41673735149649832, 0.46264211323291682, 0.51329707065577745, 0.5726999533240662, 0.59808811871715462, 0.64648809764949589, 0.71091722774316035, 0.73986526041771872, 0.7584395230856541, 0.80401929966661101, 0.83840445502409389, 0.88186730536666968, 0.91577254233622341, 0.94807991446901474, 0.99282413470905029, 1.0316766291616095, 1.0912125489168532, 1.1348802473232813, 1.2089409260175412, 1.2444992091847247, 1.3571030179626571, 1.4249413734503038], [0.032880124800048142, 0, 0.037931293026926605, 0.075128177537333057, 0.087383717304784503, 0.13372347453223726, 0.17297831635590116, 0.21469485760593832, 0.2555489841544486, 0.30439785872609926, 0.33768027128843553, 0.38385722669645017, 0.42976198843286867, 0.48041694585572925, 0.539819828524018, 0.56520799391710641, 0.61360797284944768, 0.67803710294311215, 0.70698513561767062, 0.72555939828560601, 0.77113917486656292, 0.80552433022404579, 0.84898718056662159, 0.88289241753617531, 0.91519978966896665, 0.95994400990900219, 0.99879650436156153, 1.0583324241168051, 1.1020001225232332, 1.1760608012174931, 1.2116190843846766, 1.324222893162609, 1.3920612486502557], [0.070811417826974754, 0.037931293026926605, 0, 0.03719688451040646, 0.049452424277857912, 0.095792181505310686, 0.13504702332897456, 0.17676356457901171, 0.21761769112752199, 0.26646656569917265, 0.29974897826150892, 0.34592593366952357, 0.39183069540594206, 0.4424856528288027, 0.50188853549709145, 0.52727670089017986, 0.57567667982252113, 0.6401058099161856, 0.66905384259074396, 0.68762810525867935, 0.73320788183963626, 0.76759303719711913, 0.81105588753969493, 0.84496112450924865, 0.87726849664203999, 0.92201271688207553, 0.96086521133463487, 1.0204011310898784, 1.0640688294963065, 1.1381295081905665, 1.1736877913577499, 1.2862916001356823, 1.3541299556233291], [0.10800830233738121, 0.075128177537333057, 0.03719688451040646, 0, 0.012255539767451449, 0.05859529699490422, 0.097850138818568105, 0.13956668006860526, 0.18042080661711557, 0.22926968118876623, 0.2625520937511025, 0.30872904915911714, 0.35463381089553564, 0.40528876831839622, 0.46469165098668497, 0.49007981637977333, 0.53847979531211454, 0.60290892540577901, 0.63185695808033748, 0.65043122074827286, 0.69601099732922977, 0.73039615268671265, 0.77385900302928845, 0.80776423999884217, 0.8400716121316335, 0.88481583237166905, 0.92366832682422839, 0.98320424657947192, 1.0268719449859001, 1.10093262368016, 1.1364909068473434, 1.2490947156252759, 1.3169330711129226], [0.12026384210483265, 0.087383717304784503, 0.049452424277857912, 0.012255539767451449, 0, 0.046339757227452774, 0.08559459905111666, 0.12731114030115381, 0.1681652668496641, 0.21701414142131475, 0.25029655398365103, 0.29647350939166567, 0.34237827112808417, 0.3930332285509448, 0.45243611121923355, 0.47782427661232191, 0.52622425554466312, 0.59065338563832759, 0.61960141831288595, 0.63817568098082134, 0.68375545756177825, 0.71814061291926112, 0.76160346326183692, 0.79550870023139064, 0.82781607236418198, 0.87256029260421752, 0.91141278705677686, 0.97094870681202039, 1.0146164052184485, 1.0886770839127085, 1.1242353670798919, 1.2368391758578245, 1.3046775313454713], [0.16660359933228541, 0.13372347453223726, 0.095792181505310686, 0.05859529699490422, 0.046339757227452774, 0, 0.039254841823663886, 0.080971383073701025, 0.12182550962221132, 0.17067438419386199, 0.20395679675619827, 0.25013375216421291, 0.29603851390063141, 0.34669347132349204, 0.40609635399178079, 0.43148451938486915, 0.47988449831721036, 0.54431362841087483, 0.57326166108543331, 0.59183592375336869, 0.6374157003343256, 0.67180085569180847, 0.71526370603438427, 0.74916894300393799, 0.78147631513672933, 0.82622053537676488, 0.86507302982932421, 0.92460894958456774, 0.968276647990996, 1.0423373266852558, 1.0778956098524393, 1.1904994186303717, 1.2583377741180184], [0.20585844115594931, 0.17297831635590116, 0.13504702332897456, 0.097850138818568105, 0.08559459905111666, 0.039254841823663886, 0, 0.041716541250037147, 0.082570667798547437, 0.13141954237019809, 0.16470195493253437, 0.21087891034054901, 0.25678367207696751, 0.30743862949982814, 0.36684151216811689, 0.39222967756120525, 0.44062965649354646, 0.50505878658721093, 0.53400681926176929, 0.55258108192970468, 0.59816085851066159, 0.63254601386814446, 0.67600886421072026, 0.70991410118027398, 0.74222147331306532, 0.78696569355310086, 0.8258181880056602, 0.88535410776090373, 0.92902180616733199, 1.0030824848615918, 1.0386407680287753, 1.1512445768067079, 1.2190829322943546], [0.24757498240598647, 0.21469485760593832, 0.17676356457901171, 0.13956668006860526, 0.12731114030115381, 0.080971383073701025, 0.041716541250037147, 0, 0.040854126548510297, 0.089703001120160969, 0.12298541368249724, 0.16916236909051185, 0.21506713082693038, 0.26572208824979099, 0.32512497091807974, 0.35051313631116809, 0.39891311524350931, 0.46334224533717372, 0.49229027801173214, 0.51086454067966747, 0.55644431726062438, 0.59082947261810725, 0.63429232296068305, 0.66819755993023677, 0.70050493206302811, 0.74524915230306366, 0.78410164675562299, 0.84363756651086652, 0.88730526491729478, 0.96136594361155459, 0.99692422677873804, 1.1095280355566706, 1.1773663910443173], [0.28842910895449675, 0.2555489841544486, 0.21761769112752199, 0.18042080661711557, 0.1681652668496641, 0.12182550962221132, 0.082570667798547437, 0.040854126548510297, 0, 0.048848874571650672, 0.08213128713398693, 0.12830824254200157, 0.1742130042784201, 0.22486796170128071, 0.28427084436956945, 0.30965900976265781, 0.35805898869499903, 0.42248811878866344, 0.45143615146322186, 0.47001041413115724, 0.51559019071211409, 0.54997534606959697, 0.59343819641217277, 0.62734343338172649, 0.65965080551451782, 0.70439502575455337, 0.74324752020711271, 0.80278343996235624, 0.84645113836878449, 0.9205118170630443, 0.95607010023022776, 1.0686739090081603, 1.136512264495807], [0.33727798352614741, 0.30439785872609926, 0.26646656569917265, 0.22926968118876623, 0.21701414142131475, 0.17067438419386199, 0.13141954237019809, 0.089703001120160969, 0.048848874571650672, 0, 0.033282412562336265, 0.079459367970350886, 0.12536412970676941, 0.17601908712963002, 0.2354219697979188, 0.26081013519100715, 0.30921011412334837, 0.37363924421701278, 0.4025872768915712, 0.42116153955950658, 0.46674131614046344, 0.50112647149794631, 0.54458932184052211, 0.57849455881007583, 0.61080193094286717, 0.65554615118290271, 0.69439864563546205, 0.75393456539070558, 0.79760226379713384, 0.87166294249139364, 0.9072212256585771, 1.0198250344365096, 1.0876633899241563], [0.37056039608848368, 0.33768027128843553, 0.29974897826150892, 0.2625520937511025, 0.25029655398365103, 0.20395679675619827, 0.16470195493253437, 0.12298541368249724, 0.08213128713398693, 0.033282412562336265, 0, 0.046176955408014628, 0.092081717144433139, 0.14273667456729375, 0.20213955723558252, 0.22752772262867088, 0.2759277015610121, 0.34035683165467651, 0.36930486432923493, 0.38787912699717031, 0.43345890357812716, 0.4678440589356101, 0.51130690927818589, 0.54521214624773962, 0.57751951838053095, 0.6222637386205665, 0.66111623307312584, 0.72065215282836936, 0.76431985123479762, 0.83838052992905743, 0.87393881309624089, 0.98654262187417341, 1.0543809773618202], [0.41673735149649832, 0.38385722669645017, 0.34592593366952357, 0.30872904915911714, 0.29647350939166567, 0.25013375216421291, 0.21087891034054901, 0.16916236909051185, 0.12830824254200157, 0.079459367970350886, 0.046176955408014628, 0, 0.045904761736418519, 0.096559719159279134, 0.15596260182756791, 0.18135076722065629, 0.22975074615299754, 0.29417987624666198, 0.3231279089212204, 0.34170217158915578, 0.38728194817011263, 0.42166710352759557, 0.46512995387017142, 0.49903519083972514, 0.53134256297251647, 0.57608678321255202, 0.61493927766511136, 0.67447519742035489, 0.71814289582678315, 0.79220357452104295, 0.82776185768822641, 0.94036566646615893, 1.0082040219538058], [0.46264211323291682, 0.42976198843286867, 0.39183069540594206, 0.35463381089553564, 0.34237827112808417, 0.29603851390063141, 0.25678367207696751, 0.21506713082693038, 0.1742130042784201, 0.12536412970676941, 0.092081717144433139, 0.045904761736418519, 0, 0.050654957422860608, 0.11005784009114938, 0.13544600548423774, 0.18384598441657898, 0.24827511451024342, 0.27722314718480184, 0.29579740985273723, 0.34137718643369408, 0.37576234179117701, 0.41922519213375287, 0.45313042910330659, 0.48543780123609798, 0.53018202147613347, 0.56903451592869281, 0.62857043568393633, 0.67223813409036459, 0.7462988127846244, 0.78185709595180786, 0.89446090472974038, 0.96229926021738721], [0.51329707065577745, 0.48041694585572925, 0.4424856528288027, 0.40528876831839622, 0.3930332285509448, 0.34669347132349204, 0.30743862949982814, 0.26572208824979099, 0.22486796170128071, 0.17601908712963002, 0.14273667456729375, 0.096559719159279134, 0.050654957422860608, 0, 0.059402882668288769, 0.084791048061377133, 0.13319102699371838, 0.19762015708738279, 0.22656818976194121, 0.24514245242987659, 0.29072222901083344, 0.32510738436831638, 0.36857023471089223, 0.40247547168044595, 0.43478284381323734, 0.47952706405327283, 0.51837955850583217, 0.5779154782610757, 0.62158317666750396, 0.69564385536176376, 0.73120213852894722, 0.84380594730687974, 0.91164430279452646], [0.5726999533240662, 0.539819828524018, 0.50188853549709145, 0.46469165098668497, 0.45243611121923355, 0.40609635399178079, 0.36684151216811689, 0.32512497091807974, 0.28427084436956945, 0.2354219697979188, 0.20213955723558252, 0.15596260182756791, 0.11005784009114938, 0.059402882668288769, 0, 0.025388165393088372, 0.0737881443254296, 0.13821727441909404, 0.16716530709365246, 0.18573956976158784, 0.2313193463425447, 0.26570450170002763, 0.30916735204260348, 0.3430725890121572, 0.37537996114494859, 0.42012418138498409, 0.45897667583754342, 0.51851259559278695, 0.56218029399921521, 0.63624097269347502, 0.67179925586065847, 0.784403064638591, 0.85224142012623783], [0.59808811871715462, 0.56520799391710641, 0.52727670089017986, 0.49007981637977333, 0.47782427661232191, 0.43148451938486915, 0.39222967756120525, 0.35051313631116809, 0.30965900976265781, 0.26081013519100715, 0.22752772262867088, 0.18135076722065629, 0.13544600548423774, 0.084791048061377133, 0.025388165393088372, 0, 0.048399978932341235, 0.11282910902600565, 0.14177714